{
    "components_dict": {
        "hair_C0": {
            "apos": [
                [
                    6.29743199425609e-17, 
                    13.119501171370729, 
                    -0.6357845732655965
                ], 
                [
                    6.313755637684437e-16, 
                    11.794591237199175, 
                    -0.8730800202367861
                ], 
                [
                    1.1997768075943266e-15, 
                    10.46968130302762, 
                    -1.1103754672079758
                ], 
                [
                    1.7681780514202094e-15, 
                    9.144771368856066, 
                    -1.3476709141791654
                ], 
                [
                    2.336579295246092e-15, 
                    7.819861434684513, 
                    -1.584966361150355
                ]
            ], 
            "atra": [
                [
                    [
                        8.140053360677802e-17, 
                        -0.9843368823676297, 
                        -0.1762977651893803, 
                        0.0
                    ], 
                    [
                        -2.4015694354205977e-16, 
                        0.17629776518937978, 
                        -0.9843368823676383, 
                        0.0
                    ], 
                    [
                        0.999999999999997, 
                        1.2246467991473527e-16, 
                        -2.2204460492503064e-16, 
                        0.0
                    ], 
                    [
                        6.29743199425609e-17, 
                        13.119501171370729, 
                        -0.6357845732655965, 
                        1.0
                    ]
                ], 
                [
                    [
                        8.140053360677802e-17, 
                        -0.9843368823676297, 
                        -0.1762977651893803, 
                        0.0
                    ], 
                    [
                        -2.4015694354205977e-16, 
                        0.17629776518937978, 
                        -0.9843368823676383, 
                        0.0
                    ], 
                    [
                        0.999999999999997, 
                        1.2246467991473527e-16, 
                        -2.2204460492503064e-16, 
                        0.0
                    ], 
                    [
                        6.313755637684437e-16, 
                        11.794591237199175, 
                        -0.8730800202367861, 
                        1.0
                    ]
                ], 
                [
                    [
                        8.140053360677802e-17, 
                        -0.9843368823676297, 
                        -0.1762977651893803, 
                        0.0
                    ], 
                    [
                        -2.4015694354205977e-16, 
                        0.17629776518937978, 
                        -0.9843368823676383, 
                        0.0
                    ], 
                    [
                        0.999999999999997, 
                        1.2246467991473527e-16, 
                        -2.2204460492503064e-16, 
                        0.0
                    ], 
                    [
                        1.1997768075943266e-15, 
                        10.46968130302762, 
                        -1.1103754672079758, 
                        1.0
                    ]
                ], 
                [
                    [
                        8.140053360677802e-17, 
                        -0.9843368823676297, 
                        -0.1762977651893803, 
                        0.0
                    ], 
                    [
                        -2.4015694354205977e-16, 
                        0.17629776518937978, 
                        -0.9843368823676383, 
                        0.0
                    ], 
                    [
                        0.999999999999997, 
                        1.2246467991473527e-16, 
                        -2.2204460492503064e-16, 
                        0.0
                    ], 
                    [
                        1.7681780514202094e-15, 
                        9.144771368856066, 
                        -1.3476709141791654, 
                        1.0
                    ]
                ], 
                [
                    [
                        8.140053360677802e-17, 
                        -0.9843368823676297, 
                        -0.1762977651893803, 
                        0.0
                    ], 
                    [
                        -2.4015694354205977e-16, 
                        0.17629776518937978, 
                        -0.9843368823676383, 
                        0.0
                    ], 
                    [
                        0.999999999999997, 
                        1.2246467991473527e-16, 
                        -2.2204460492503064e-16, 
                        0.0
                    ], 
                    [
                        2.336579295246092e-15, 
                        7.819861434684513, 
                        -1.584966361150355, 
                        1.0
                    ]
                ]
            ], 
            "blade": {
                "blade": [
                    [
                        8.140053360677802e-17, 
                        -0.9843368823676297, 
                        -0.1762977651893803, 
                        0.0
                    ], 
                    [
                        -2.4015694354205977e-16, 
                        0.17629776518937978, 
                        -0.9843368823676383, 
                        0.0
                    ], 
                    [
                        0.999999999999997, 
                        1.2246467991473527e-16, 
                        -2.2204460492503064e-16, 
                        0.0
                    ], 
                    [
                        6.297431994256065e-17, 
                        13.119501171370727, 
                        -0.6357845732655968, 
                        1.0
                    ]
                ]
            }, 
            "child_components": [], 
            "param_values": {
                "comp_index": 0, 
                "comp_name": "hair", 
                "comp_side": "C", 
                "comp_type": "chain_spring_01", 
                "connector": "standard", 
                "ctlGrp": "", 
                "joint_names": "", 
                "parentJointIndex": -1, 
                "ui_host": "spineUI_C0_root", 
                "useIndex": false
            }, 
            "parent_fullName": null, 
            "parent_localName": null, 
            "pos": {
                "0_loc": [
                    6.313755637684437e-16, 
                    11.794591237199175, 
                    -0.8730800202367861
                ], 
                "1_loc": [
                    1.1997768075943266e-15, 
                    10.46968130302762, 
                    -1.1103754672079758
                ], 
                "2_loc": [
                    1.7681780514202094e-15, 
                    9.144771368856066, 
                    -1.3476709141791654
                ], 
                "3_loc": [
                    2.336579295246092e-15, 
                    7.819861434684513, 
                    -1.584966361150355
                ], 
                "root": [
                    6.29743199425609e-17, 
                    13.119501171370729, 
                    -0.6357845732655965
                ]
            }, 
            "tra": {
                "0_loc": [
                    [
                        8.140053360677802e-17, 
                        -0.9843368823676297, 
                        -0.1762977651893803, 
                        0.0
                    ], 
                    [
                        -2.4015694354205977e-16, 
                        0.17629776518937978, 
                        -0.9843368823676383, 
                        0.0
                    ], 
                    [
                        0.999999999999997, 
                        1.2246467991473527e-16, 
                        -2.2204460492503064e-16, 
                        0.0
                    ], 
                    [
                        6.313755637684437e-16, 
                        11.794591237199175, 
                        -0.8730800202367861, 
                        1.0
                    ]
                ], 
                "1_loc": [
                    [
                        8.140053360677802e-17, 
                        -0.9843368823676297, 
                        -0.1762977651893803, 
                        0.0
                    ], 
                    [
                        -2.4015694354205977e-16, 
                        0.17629776518937978, 
                        -0.9843368823676383, 
                        0.0
                    ], 
                    [
                        0.999999999999997, 
                        1.2246467991473527e-16, 
                        -2.2204460492503064e-16, 
                        0.0
                    ], 
                    [
                        1.1997768075943266e-15, 
                        10.46968130302762, 
                        -1.1103754672079758, 
                        1.0
                    ]
                ], 
                "2_loc": [
                    [
                        8.140053360677802e-17, 
                        -0.9843368823676297, 
                        -0.1762977651893803, 
                        0.0
                    ], 
                    [
                        -2.4015694354205977e-16, 
                        0.17629776518937978, 
                        -0.9843368823676383, 
                        0.0
                    ], 
                    [
                        0.999999999999997, 
                        1.2246467991473527e-16, 
                        -2.2204460492503064e-16, 
                        0.0
                    ], 
                    [
                        1.7681780514202094e-15, 
                        9.144771368856066, 
                        -1.3476709141791654, 
                        1.0
                    ]
                ], 
                "3_loc": [
                    [
                        8.140053360677802e-17, 
                        -0.9843368823676297, 
                        -0.1762977651893803, 
                        0.0
                    ], 
                    [
                        -2.4015694354205977e-16, 
                        0.17629776518937978, 
                        -0.9843368823676383, 
                        0.0
                    ], 
                    [
                        0.999999999999997, 
                        1.2246467991473527e-16, 
                        -2.2204460492503064e-16, 
                        0.0
                    ], 
                    [
                        2.336579295246092e-15, 
                        7.819861434684513, 
                        -1.584966361150355, 
                        1.0
                    ]
                ], 
                "root": [
                    [
                        8.140053360677802e-17, 
                        -0.9843368823676297, 
                        -0.1762977651893803, 
                        0.0
                    ], 
                    [
                        -2.4015694354205977e-16, 
                        0.17629776518937978, 
                        -0.9843368823676383, 
                        0.0
                    ], 
                    [
                        0.999999999999997, 
                        1.2246467991473527e-16, 
                        -2.2204460492503064e-16, 
                        0.0
                    ], 
                    [
                        6.29743199425609e-17, 
                        13.119501171370729, 
                        -0.6357845732655965, 
                        1.0
                    ]
                ]
            }
        }
    }, 
    "components_list": [
        "hair_C0"
    ], 
    "ctl_buffers_dict": {
        "curves_names": [
            "hair_C0_fk3_ctl_controlBuffer", 
            "hair_C0_fk2_ctl_controlBuffer", 
            "hair_C0_fk1_ctl_controlBuffer", 
            "hair_C0_fk0_ctl_controlBuffer", 
            "global_C0_ctl_controlBuffer", 
            "world_ctl_controlBuffer"
        ], 
        "global_C0_ctl_controlBuffer": {
            "crv_color": 17, 
            "crv_parent": "controllers_org", 
            "crv_transform": [
                [
                    1.0, 
                    0.0, 
                    0.0, 
                    0.0
                ], 
                [
                    0.0, 
                    1.0, 
                    0.0, 
                    0.0
                ], 
                [
                    0.0, 
                    0.0, 
                    1.0, 
                    0.0
                ], 
                [
                    0.0, 
                    0.0, 
                    0.0, 
                    1.0
                ]
            ], 
            "shapes": {
                "global_C0_ctl_controlBuffer|global_C0_ctlShape": {
                    "degree": 1, 
                    "form": "periodic", 
                    "form_id": 3, 
                    "points": [
                        [
                            4.0, 
                            0.0, 
                            4.0
                        ], 
                        [
                            4.0, 
                            0.0, 
                            -4.0
                        ], 
                        [
                            -4.0, 
                            0.0, 
                            -4.0
                        ], 
                        [
                            -4.0, 
                            0.0, 
                            4.0
                        ], 
                        [
                            4.0, 
                            0.0, 
                            4.0
                        ]
                    ]
                }
            }, 
            "shapes_names": [
                "global_C0_ctl_controlBuffer|global_C0_ctlShape"
            ]
        }, 
        "hair_C0_fk0_ctl_controlBuffer": {
            "crv_color": 13, 
            "crv_parent": "controllers_org", 
            "crv_transform": [
                [
                    4.440892098500626e-16, 
                    -0.9843368823676323, 
                    -0.1762977651893809, 
                    0.0
                ], 
                [
                    -2.220446049250313e-16, 
                    0.1762977651893809, 
                    -0.9843368823676323, 
                    0.0
                ], 
                [
                    1.0, 
                    4.440892098500626e-16, 
                    -2.220446049250313e-16, 
                    0.0
                ], 
                [
                    6.297431994256104e-17, 
                    13.119501171370729, 
                    -0.6357845732655961, 
                    1.0
                ]
            ], 
            "shapes": {
                "hair_C0_fk0_ctl_controlBuffer|hair_C0_fk0_ctlShape": {
                    "degree": 1, 
                    "form": "open", 
                    "form_id": 1, 
                    "points": [
                        [
                            1.3459923710109685, 
                            1.1674300978581291, 
                            0.030898276377803936
                        ], 
                        [
                            1.3459923710109685, 
                            1.1674300978581291, 
                            -0.030898276377803936
                        ], 
                        [
                            0.0, 
                            1.1674300978581291, 
                            -0.030898276377803936
                        ], 
                        [
                            0.0, 
                            -0.2691984742021937, 
                            -0.06956017070661859
                        ], 
                        [
                            0.0, 
                            -0.2691984742021937, 
                            0.06956017070661859
                        ], 
                        [
                            0.0, 
                            1.1674300978581291, 
                            0.030898276377803936
                        ], 
                        [
                            0.0, 
                            1.1674300978581291, 
                            -0.030898276377803936
                        ], 
                        [
                            0.0, 
                            1.1674300978581291, 
                            0.030898276377803936
                        ], 
                        [
                            1.3459923710109685, 
                            1.1674300978581291, 
                            0.030898276377803936
                        ], 
                        [
                            1.3459923710109685, 
                            -0.2691984742021937, 
                            0.06956017070661859
                        ], 
                        [
                            0.0, 
                            -0.2691984742021937, 
                            0.06956017070661859
                        ], 
                        [
                            1.3459923710109685, 
                            -0.2691984742021937, 
                            0.06956017070661859
                        ], 
                        [
                            1.3459923710109685, 
                            -0.2691984742021937, 
                            -0.06956017070661859
                        ], 
                        [
                            1.3459923710109685, 
                            1.1674300978581291, 
                            -0.030898276377803936
                        ], 
                        [
                            1.3459923710109685, 
                            -0.2691984742021937, 
                            -0.06956017070661859
                        ], 
                        [
                            0.0, 
                            -0.2691984742021937, 
                            -0.06956017070661859
                        ]
                    ]
                }
            }, 
            "shapes_names": [
                "hair_C0_fk0_ctl_controlBuffer|hair_C0_fk0_ctlShape"
            ]
        }, 
        "hair_C0_fk1_ctl_controlBuffer": {
            "crv_color": 13, 
            "crv_parent": "controllers_org", 
            "crv_transform": [
                [
                    4.440892098500626e-16, 
                    -0.9843368823676323, 
                    -0.1762977651893809, 
                    0.0
                ], 
                [
                    -2.220446049250313e-16, 
                    0.1762977651893809, 
                    -0.9843368823676323, 
                    0.0
                ], 
                [
                    1.0, 
                    4.440892098500626e-16, 
                    -2.220446049250313e-16, 
                    0.0
                ], 
                [
                    6.31375563768444e-16, 
                    11.794591237199173, 
                    -0.8730800202367867, 
                    1.0
                ]
            ], 
            "shapes": {
                "hair_C0_fk1_ctl_controlBuffer|hair_C0_fk1_ctlShape": {
                    "degree": 1, 
                    "form": "open", 
                    "form_id": 1, 
                    "points": [
                        [
                            1.3459923710109685, 
                            1.167430097858129, 
                            0.030898276377803936
                        ], 
                        [
                            1.3459923710109685, 
                            1.167430097858129, 
                            -0.030898276377803936
                        ], 
                        [
                            0.0, 
                            1.167430097858129, 
                            -0.030898276377803936
                        ], 
                        [
                            0.0, 
                            -0.2691984742021937, 
                            -0.06956017070661859
                        ], 
                        [
                            0.0, 
                            -0.2691984742021937, 
                            0.06956017070661859
                        ], 
                        [
                            0.0, 
                            1.167430097858129, 
                            0.030898276377803936
                        ], 
                        [
                            0.0, 
                            1.167430097858129, 
                            -0.030898276377803936
                        ], 
                        [
                            0.0, 
                            1.167430097858129, 
                            0.030898276377803936
                        ], 
                        [
                            1.3459923710109685, 
                            1.167430097858129, 
                            0.030898276377803936
                        ], 
                        [
                            1.3459923710109685, 
                            -0.2691984742021937, 
                            0.06956017070661859
                        ], 
                        [
                            0.0, 
                            -0.2691984742021937, 
                            0.06956017070661859
                        ], 
                        [
                            1.3459923710109685, 
                            -0.2691984742021937, 
                            0.06956017070661859
                        ], 
                        [
                            1.3459923710109685, 
                            -0.2691984742021937, 
                            -0.06956017070661859
                        ], 
                        [
                            1.3459923710109685, 
                            1.167430097858129, 
                            -0.030898276377803936
                        ], 
                        [
                            1.3459923710109685, 
                            -0.2691984742021937, 
                            -0.06956017070661859
                        ], 
                        [
                            0.0, 
                            -0.2691984742021937, 
                            -0.06956017070661859
                        ]
                    ]
                }
            }, 
            "shapes_names": [
                "hair_C0_fk1_ctl_controlBuffer|hair_C0_fk1_ctlShape"
            ]
        }, 
        "hair_C0_fk2_ctl_controlBuffer": {
            "crv_color": 13, 
            "crv_parent": "controllers_org", 
            "crv_transform": [
                [
                    4.440892098500626e-16, 
                    -0.9843368823676323, 
                    -0.1762977651893809, 
                    0.0
                ], 
                [
                    -2.220446049250313e-16, 
                    0.1762977651893809, 
                    -0.9843368823676323, 
                    0.0
                ], 
                [
                    1.0, 
                    4.440892098500626e-16, 
                    -2.220446049250313e-16, 
                    0.0
                ], 
                [
                    1.1997768075943264e-15, 
                    10.46968130302762, 
                    -1.1103754672079762, 
                    1.0
                ]
            ], 
            "shapes": {
                "hair_C0_fk2_ctl_controlBuffer|hair_C0_fk2_ctlShape": {
                    "degree": 1, 
                    "form": "open", 
                    "form_id": 1, 
                    "points": [
                        [
                            1.3459923710109685, 
                            1.167430097858129, 
                            0.030898276377803936
                        ], 
                        [
                            1.3459923710109685, 
                            1.167430097858129, 
                            -0.030898276377803936
                        ], 
                        [
                            0.0, 
                            1.167430097858129, 
                            -0.030898276377803936
                        ], 
                        [
                            0.0, 
                            -0.2691984742021937, 
                            -0.06956017070661859
                        ], 
                        [
                            0.0, 
                            -0.2691984742021937, 
                            0.06956017070661859
                        ], 
                        [
                            0.0, 
                            1.167430097858129, 
                            0.030898276377803936
                        ], 
                        [
                            0.0, 
                            1.167430097858129, 
                            -0.030898276377803936
                        ], 
                        [
                            0.0, 
                            1.167430097858129, 
                            0.030898276377803936
                        ], 
                        [
                            1.3459923710109685, 
                            1.167430097858129, 
                            0.030898276377803936
                        ], 
                        [
                            1.3459923710109685, 
                            -0.2691984742021937, 
                            0.06956017070661859
                        ], 
                        [
                            0.0, 
                            -0.2691984742021937, 
                            0.06956017070661859
                        ], 
                        [
                            1.3459923710109685, 
                            -0.2691984742021937, 
                            0.06956017070661859
                        ], 
                        [
                            1.3459923710109685, 
                            -0.2691984742021937, 
                            -0.06956017070661859
                        ], 
                        [
                            1.3459923710109685, 
                            1.167430097858129, 
                            -0.030898276377803936
                        ], 
                        [
                            1.3459923710109685, 
                            -0.2691984742021937, 
                            -0.06956017070661859
                        ], 
                        [
                            0.0, 
                            -0.2691984742021937, 
                            -0.06956017070661859
                        ]
                    ]
                }
            }, 
            "shapes_names": [
                "hair_C0_fk2_ctl_controlBuffer|hair_C0_fk2_ctlShape"
            ]
        }, 
        "hair_C0_fk3_ctl_controlBuffer": {
            "crv_color": 13, 
            "crv_parent": "controllers_org", 
            "crv_transform": [
                [
                    4.440892098500626e-16, 
                    -0.9843368823676323, 
                    -0.1762977651893809, 
                    0.0
                ], 
                [
                    -2.220446049250313e-16, 
                    0.1762977651893809, 
                    -0.9843368823676323, 
                    0.0
                ], 
                [
                    1.0, 
                    4.440892098500626e-16, 
                    -2.220446049250313e-16, 
                    0.0
                ], 
                [
                    1.7681780514202086e-15, 
                    9.144771368856066, 
                    -1.3476709141791665, 
                    1.0
                ]
            ], 
            "shapes": {
                "hair_C0_fk3_ctl_controlBuffer|hair_C0_fk3_ctlShape": {
                    "degree": 1, 
                    "form": "open", 
                    "form_id": 1, 
                    "points": [
                        [
                            1.3459923710109678, 
                            1.167430097858129, 
                            0.030898276377803936
                        ], 
                        [
                            1.3459923710109678, 
                            1.167430097858129, 
                            -0.030898276377803936
                        ], 
                        [
                            0.0, 
                            1.167430097858129, 
                            -0.030898276377803936
                        ], 
                        [
                            0.0, 
                            -0.2691984742021937, 
                            -0.06956017070661859
                        ], 
                        [
                            0.0, 
                            -0.2691984742021937, 
                            0.06956017070661859
                        ], 
                        [
                            0.0, 
                            1.167430097858129, 
                            0.030898276377803936
                        ], 
                        [
                            0.0, 
                            1.167430097858129, 
                            -0.030898276377803936
                        ], 
                        [
                            0.0, 
                            1.167430097858129, 
                            0.030898276377803936
                        ], 
                        [
                            1.3459923710109678, 
                            1.167430097858129, 
                            0.030898276377803936
                        ], 
                        [
                            1.3459923710109678, 
                            -0.2691984742021937, 
                            0.06956017070661859
                        ], 
                        [
                            0.0, 
                            -0.2691984742021937, 
                            0.06956017070661859
                        ], 
                        [
                            1.3459923710109678, 
                            -0.2691984742021937, 
                            0.06956017070661859
                        ], 
                        [
                            1.3459923710109678, 
                            -0.2691984742021937, 
                            -0.06956017070661859
                        ], 
                        [
                            1.3459923710109678, 
                            1.167430097858129, 
                            -0.030898276377803936
                        ], 
                        [
                            1.3459923710109678, 
                            -0.2691984742021937, 
                            -0.06956017070661859
                        ], 
                        [
                            0.0, 
                            -0.2691984742021937, 
                            -0.06956017070661859
                        ]
                    ]
                }
            }, 
            "shapes_names": [
                "hair_C0_fk3_ctl_controlBuffer|hair_C0_fk3_ctlShape"
            ]
        }, 
        "world_ctl_controlBuffer": {
            "crv_color": 13, 
            "crv_parent": "controllers_org", 
            "crv_transform": [
                [
                    1.0, 
                    0.0, 
                    0.0, 
                    0.0
                ], 
                [
                    0.0, 
                    1.0, 
                    0.0, 
                    0.0
                ], 
                [
                    0.0, 
                    0.0, 
                    1.0, 
                    0.0
                ], 
                [
                    0.0, 
                    0.0, 
                    0.0, 
                    1.0
                ]
            ], 
            "shapes": {
                "world_ctl_controlBuffer|world_ctlShape": {
                    "degree": 1, 
                    "form": "periodic", 
                    "form_id": 3, 
                    "points": [
                        [
                            0.0, 
                            0.0, 
                            -5.540000000000001
                        ], 
                        [
                            3.9000000000000004, 
                            0.0, 
                            -3.9000000000000004
                        ], 
                        [
                            5.540000000000001, 
                            0.0, 
                            0.0
                        ], 
                        [
                            3.9000000000000004, 
                            0.0, 
                            3.9000000000000004
                        ], 
                        [
                            0.0, 
                            0.0, 
                            5.540000000000001
                        ], 
                        [
                            -3.9000000000000004, 
                            0.0, 
                            3.9000000000000004
                        ], 
                        [
                            -5.540000000000001, 
                            0.0, 
                            0.0
                        ], 
                        [
                            -3.9000000000000004, 
                            0.0, 
                            -3.9000000000000004
                        ], 
                        [
                            0.0, 
                            0.0, 
                            -5.540000000000001
                        ]
                    ]
                }
            }, 
            "shapes_names": [
                "world_ctl_controlBuffer|world_ctlShape"
            ]
        }
    }, 
    "guide_root": {
        "name": "guide_game", 
        "param_values": {
            "C_color_fk": 13, 
            "C_color_ik": 17, 
            "L_color_fk": 6, 
            "L_color_ik": 18, 
            "R_color_fk": 23, 
            "R_color_ik": 14, 
            "classicChannelNames": false, 
            "comments": "", 
            "date": "2018-10-04 09:45:16.032000", 
            "doPostCustomStep": false, 
            "doPreCustomStep": false, 
            "force_uniScale": false, 
            "gear_version": "2.2.4", 
            "importSkin": false, 
            "ismodel": true, 
            "joint_rig": true, 
            "maya_version": "2016.0", 
            "mode": 0, 
            "postCustomStep": "", 
            "preCustomStep": "paths | chara\\anima_girl\\outfit_A\\film\\scripts\\pre\\paths.py", 
            "proxyChannels": true, 
            "rig_name": "rig", 
            "skin": "", 
            "step": 6, 
            "synoptic": "biped", 
            "user": "miquel", 
            "worldCtl": true
        }, 
        "tra": [
            [
                1.0, 
                0.0, 
                0.0, 
                0.0
            ], 
            [
                0.0, 
                1.0, 
                0.0, 
                0.0
            ], 
            [
                0.0, 
                0.0, 
                1.0, 
                0.0
            ], 
            [
                0.0, 
                0.0, 
                0.0, 
                1.0
            ]
        ]
    }, 
    "meta": null
}