{
    "components_dict": {
        "hair_C0": {
            "apos": [
                [
                    6.29743199425609e-17, 
                    13.119501171370729, 
                    -0.6357845732655965
                ], 
                [
                    5.115131009977645e-16, 
                    11.8663130667323, 
                    -1.14347735689135
                ], 
                [
                    9.287483855412265e-16, 
                    10.676003181306298, 
                    -1.7718995750319415
                ], 
                [
                    1.352609796683331e-15, 
                    9.444650754691251, 
                    -2.6442677922474607
                ], 
                [
                    1.7857307534870876e-15, 
                    8.227300378921816, 
                    -3.831343580022611
                ]
            ], 
            "atra": [
                [
                    [
                        1.1102230246251536e-16, 
                        -0.8869191844548124, 
                        -0.46192462615236846, 
                        0.0
                    ], 
                    [
                        -2.7755575615629086e-16, 
                        0.4619246261523723, 
                        -0.8869191844548199, 
                        0.0
                    ], 
                    [
                        0.999999999999997, 
                        2.775557561562884e-16, 
                        -2.2204460492503064e-16, 
                        0.0
                    ], 
                    [
                        6.29743199425609e-17, 
                        13.119501171370729, 
                        -0.6357845732655965, 
                        1.0
                    ]
                ], 
                [
                    [
                        1.1102230246251538e-16, 
                        -0.8869191844548127, 
                        -0.46192462615236857, 
                        0.0
                    ], 
                    [
                        -2.775557561562909e-16, 
                        0.4619246261523724, 
                        -0.8869191844548201, 
                        0.0
                    ], 
                    [
                        0.9999999999999972, 
                        2.7755575615628844e-16, 
                        -2.220446049250307e-16, 
                        0.0
                    ], 
                    [
                        5.115131009977645e-16, 
                        11.8663130667323, 
                        -1.14347735689135, 
                        1.0
                    ]
                ], 
                [
                    [
                        1.1102230246251535e-16, 
                        -0.8869191844548123, 
                        -0.4619246261523684, 
                        0.0
                    ], 
                    [
                        -2.775557561562908e-16, 
                        0.46192462615237223, 
                        -0.8869191844548198, 
                        0.0
                    ], 
                    [
                        0.9999999999999971, 
                        2.775557561562884e-16, 
                        -2.2204460492503067e-16, 
                        0.0
                    ], 
                    [
                        9.287483855412265e-16, 
                        10.676003181306298, 
                        -1.7718995750319415, 
                        1.0
                    ]
                ], 
                [
                    [
                        1.1102230246251537e-16, 
                        -0.8869191844548125, 
                        -0.4619246261523685, 
                        0.0
                    ], 
                    [
                        -2.7755575615629086e-16, 
                        0.46192462615237234, 
                        -0.88691918445482, 
                        0.0
                    ], 
                    [
                        0.9999999999999971, 
                        2.775557561562884e-16, 
                        -2.2204460492503067e-16, 
                        0.0
                    ], 
                    [
                        1.352609796683331e-15, 
                        9.444650754691251, 
                        -2.6442677922474607, 
                        1.0
                    ]
                ], 
                [
                    [
                        1.1102230246251536e-16, 
                        -0.8869191844548124, 
                        -0.46192462615236846, 
                        0.0
                    ], 
                    [
                        -2.775557561562908e-16, 
                        0.4619246261523723, 
                        -0.8869191844548199, 
                        0.0
                    ], 
                    [
                        0.9999999999999971, 
                        2.775557561562884e-16, 
                        -2.2204460492503067e-16, 
                        0.0
                    ], 
                    [
                        1.7857307534870876e-15, 
                        8.227300378921816, 
                        -3.831343580022611, 
                        1.0
                    ]
                ]
            ], 
            "blade": {
                "blade": [
                    [
                        1.369164931033509e-16, 
                        -0.9268310284023086, 
                        -0.37547868753194835, 
                        0.0
                    ], 
                    [
                        -2.657386372657328e-16, 
                        0.3754786875319529, 
                        -0.9268310284023157, 
                        0.0
                    ], 
                    [
                        0.9999999999999972, 
                        2.7755575615628844e-16, 
                        -2.220446049250307e-16, 
                        0.0
                    ], 
                    [
                        6.297431994256109e-17, 
                        13.119501171370727, 
                        -0.6357845732655972, 
                        1.0
                    ]
                ]
            }, 
            "child_components": [], 
            "param_values": {
                "comp_index": 0, 
                "comp_name": "hair", 
                "comp_side": "C", 
                "comp_type": "chain_spring_01", 
                "connector": "standard", 
                "ctlGrp": "", 
                "joint_names": "", 
                "parentJointIndex": -1, 
                "ui_host": "spineUI_C0_root", 
                "useIndex": false
            }, 
            "parent_fullName": null, 
            "parent_localName": null, 
            "pos": {
                "0_loc": [
                    5.115131009977645e-16, 
                    11.8663130667323, 
                    -1.14347735689135
                ], 
                "1_loc": [
                    9.287483855412265e-16, 
                    10.676003181306298, 
                    -1.7718995750319415
                ], 
                "2_loc": [
                    1.352609796683331e-15, 
                    9.444650754691251, 
                    -2.6442677922474607
                ], 
                "3_loc": [
                    1.7857307534870876e-15, 
                    8.227300378921816, 
                    -3.831343580022611
                ], 
                "root": [
                    6.29743199425609e-17, 
                    13.119501171370729, 
                    -0.6357845732655965
                ]
            }, 
            "tra": {
                "0_loc": [
                    [
                        1.1102230246251538e-16, 
                        -0.8869191844548127, 
                        -0.46192462615236857, 
                        0.0
                    ], 
                    [
                        -2.775557561562909e-16, 
                        0.4619246261523724, 
                        -0.8869191844548201, 
                        0.0
                    ], 
                    [
                        0.9999999999999972, 
                        2.7755575615628844e-16, 
                        -2.220446049250307e-16, 
                        0.0
                    ], 
                    [
                        5.115131009977645e-16, 
                        11.8663130667323, 
                        -1.14347735689135, 
                        1.0
                    ]
                ], 
                "1_loc": [
                    [
                        1.1102230246251535e-16, 
                        -0.8869191844548123, 
                        -0.4619246261523684, 
                        0.0
                    ], 
                    [
                        -2.775557561562908e-16, 
                        0.46192462615237223, 
                        -0.8869191844548198, 
                        0.0
                    ], 
                    [
                        0.9999999999999971, 
                        2.775557561562884e-16, 
                        -2.2204460492503067e-16, 
                        0.0
                    ], 
                    [
                        9.287483855412265e-16, 
                        10.676003181306298, 
                        -1.7718995750319415, 
                        1.0
                    ]
                ], 
                "2_loc": [
                    [
                        1.1102230246251537e-16, 
                        -0.8869191844548125, 
                        -0.4619246261523685, 
                        0.0
                    ], 
                    [
                        -2.7755575615629086e-16, 
                        0.46192462615237234, 
                        -0.88691918445482, 
                        0.0
                    ], 
                    [
                        0.9999999999999971, 
                        2.775557561562884e-16, 
                        -2.2204460492503067e-16, 
                        0.0
                    ], 
                    [
                        1.352609796683331e-15, 
                        9.444650754691251, 
                        -2.6442677922474607, 
                        1.0
                    ]
                ], 
                "3_loc": [
                    [
                        1.1102230246251536e-16, 
                        -0.8869191844548124, 
                        -0.46192462615236846, 
                        0.0
                    ], 
                    [
                        -2.775557561562908e-16, 
                        0.4619246261523723, 
                        -0.8869191844548199, 
                        0.0
                    ], 
                    [
                        0.9999999999999971, 
                        2.775557561562884e-16, 
                        -2.2204460492503067e-16, 
                        0.0
                    ], 
                    [
                        1.7857307534870876e-15, 
                        8.227300378921816, 
                        -3.831343580022611, 
                        1.0
                    ]
                ], 
                "root": [
                    [
                        1.1102230246251536e-16, 
                        -0.8869191844548124, 
                        -0.46192462615236846, 
                        0.0
                    ], 
                    [
                        -2.7755575615629086e-16, 
                        0.4619246261523723, 
                        -0.8869191844548199, 
                        0.0
                    ], 
                    [
                        0.999999999999997, 
                        2.775557561562884e-16, 
                        -2.2204460492503064e-16, 
                        0.0
                    ], 
                    [
                        6.29743199425609e-17, 
                        13.119501171370729, 
                        -0.6357845732655965, 
                        1.0
                    ]
                ]
            }
        }
    }, 
    "components_list": [
        "hair_C0"
    ], 
    "ctl_buffers_dict": null, 
    "guide_root": {
        "name": "guide1", 
        "param_values": {
            "C_color_fk": 13, 
            "C_color_ik": 17, 
            "L_color_fk": 6, 
            "L_color_ik": 18, 
            "R_color_fk": 23, 
            "R_color_ik": 14, 
            "classicChannelNames": false, 
            "comments": "", 
            "date": "2018-10-04 09:45:16.032000", 
            "doPostCustomStep": false, 
            "doPreCustomStep": false, 
            "force_uniScale": false, 
            "gear_version": "2.2.4", 
            "importSkin": false, 
            "ismodel": true, 
            "joint_rig": true, 
            "maya_version": "2016.0", 
            "mode": 0, 
            "postCustomStep": "", 
            "preCustomStep": "paths | chara\\anima_girl\\outfit_A\\film\\scripts\\pre\\paths.py", 
            "proxyChannels": true, 
            "rig_name": "rig", 
            "skin": "", 
            "step": 6, 
            "synoptic": "biped", 
            "user": "miquel", 
            "worldCtl": true
        }, 
        "tra": [
            [
                1.0, 
                0.0, 
                0.0, 
                0.0
            ], 
            [
                0.0, 
                1.0, 
                0.0, 
                0.0
            ], 
            [
                0.0, 
                0.0, 
                1.0, 
                0.0
            ], 
            [
                0.0, 
                0.0, 
                0.0, 
                1.0
            ]
        ]
    }, 
    "meta": null
}